GM: R=50, fdp=0.120000, power=0.880000
feature subset:0, 2, 4, 6, 7, 11, 15, 27, 30, 31, 32, 34, 36, 40, 41, 43, 52, 57, 66, 73, 74, 80, 81, 94, 99, 102, 103, 105, 108, 110, 112, 113, 118, 127, 136, 146, 151, 154, 155, 164, 166, 167, 169, 174, 177, 179, 182, 187, 190, 198
AGM_A_1: R=56, fdp=0.160714, power=0.940000
feature subset:0, 2, 3, 4, 6, 7, 11, 15, 27, 30, 31, 32, 34, 36, 40, 41, 43, 44, 52, 57, 64, 66, 73, 74, 78, 79, 80, 81, 94, 99, 102, 103, 105, 108, 110, 112, 113, 118, 127, 136, 146, 151, 154, 155, 164, 166, 167, 169, 174, 177, 179, 182, 187, 190, 194, 198
AGM_A_2: R=55, fdp=0.145455, power=0.940000
feature subset:0, 2, 3, 4, 6, 7, 11, 15, 27, 30, 31, 32, 34, 36, 40, 41, 43, 44, 52, 57, 64, 66, 73, 74, 79, 80, 81, 94, 99, 102, 103, 105, 108, 110, 112, 113, 118, 127, 136, 146, 151, 154, 155, 164, 166, 167, 169, 174, 177, 179, 182, 187, 190, 194, 198
AGM_A_3: R=52, fdp=0.115385, power=0.920000
feature subset:0, 2, 3, 4, 6, 7, 11, 15, 27, 30, 31, 32, 34, 36, 40, 41, 43, 44, 52, 57, 66, 73, 74, 79, 80, 81, 94, 99, 102, 103, 105, 108, 110, 112, 118, 127, 146, 151, 154, 155, 164, 166, 167, 169, 174, 177, 179, 182, 187, 190, 194, 198
AGM_P_1: R=56, fdp=0.160714, power=0.940000
feature subset:0, 2, 3, 4, 6, 7, 11, 15, 27, 30, 31, 32, 34, 36, 40, 41, 43, 44, 52, 57, 64, 66, 73, 74, 78, 79, 80, 81, 94, 99, 102, 103, 105, 108, 110, 112, 113, 118, 127, 136, 146, 151, 154, 155, 164, 166, 167, 169, 174, 177, 179, 182, 187, 190, 194, 198
AGM_P_2: R=55, fdp=0.145455, power=0.940000
feature subset:0, 2, 3, 4, 6, 7, 11, 15, 27, 30, 31, 32, 34, 36, 40, 41, 43, 44, 52, 57, 64, 66, 73, 74, 79, 80, 81, 94, 99, 102, 103, 105, 108, 110, 112, 113, 118, 127, 136, 146, 151, 154, 155, 164, 166, 167, 169, 174, 177, 179, 182, 187, 190, 194, 198
AGM_P_3: R=54, fdp=0.129630, power=0.940000
feature subset:0, 2, 3, 4, 6, 7, 11, 15, 27, 30, 31, 32, 34, 36, 40, 41, 43, 44, 52, 57, 66, 73, 74, 79, 80, 81, 94, 99, 102, 103, 105, 108, 110, 112, 113, 118, 127, 136, 146, 151, 154, 155, 164, 166, 167, 169, 174, 177, 179, 182, 187, 190, 194, 198
ATZ_A_1: R=59, fdp=0.169492, power=0.980000
feature subset:0, 2, 3, 4, 6, 7, 11, 15, 27, 30, 31, 32, 34, 36, 40, 41, 43, 44, 52, 57, 64, 66, 73, 74, 78, 79, 80, 81, 94, 99, 102, 103, 105, 108, 110, 112, 113, 118, 127, 136, 146, 151, 154, 155, 160, 164, 166, 167, 168, 169, 174, 177, 179, 182, 187, 190, 194, 196, 198
ATZ_A_2: R=56, fdp=0.142857, power=0.960000
feature subset:0, 2, 3, 4, 6, 7, 11, 15, 27, 30, 31, 32, 34, 36, 40, 41, 43, 44, 52, 57, 64, 66, 73, 74, 79, 80, 81, 94, 99, 102, 103, 105, 108, 110, 112, 113, 118, 127, 146, 151, 154, 155, 160, 164, 166, 167, 168, 169, 174, 177, 179, 182, 187, 190, 194, 198
ATZ_A_3: R=52, fdp=0.115385, power=0.920000
feature subset:0, 2, 3, 4, 6, 7, 11, 15, 27, 30, 31, 32, 34, 36, 40, 41, 43, 44, 57, 64, 66, 73, 74, 79, 80, 81, 94, 99, 102, 103, 105, 108, 110, 112, 118, 127, 146, 151, 154, 155, 164, 166, 167, 169, 174, 177, 179, 182, 187, 190, 194, 198
ATZ_P_1: R=60, fdp=0.183333, power=0.980000
feature subset:0, 2, 3, 4, 6, 7, 11, 15, 27, 30, 31, 32, 34, 36, 40, 41, 43, 44, 49, 52, 57, 64, 66, 73, 74, 78, 79, 80, 81, 94, 99, 102, 103, 105, 108, 110, 112, 113, 118, 127, 136, 146, 151, 154, 155, 160, 164, 166, 167, 168, 169, 174, 177, 179, 182, 187, 190, 194, 196, 198
ATZ_P_2: R=58, fdp=0.155172, power=0.980000
feature subset:0, 2, 3, 4, 6, 7, 11, 15, 27, 30, 31, 32, 34, 36, 40, 41, 43, 44, 52, 57, 64, 66, 73, 74, 79, 80, 81, 94, 99, 102, 103, 105, 108, 110, 112, 113, 118, 127, 136, 146, 151, 154, 155, 160, 164, 166, 167, 168, 169, 174, 177, 179, 182, 187, 190, 194, 196, 198
ATZ_P_3: R=54, fdp=0.129630, power=0.940000
feature subset:0, 2, 3, 4, 6, 7, 11, 15, 27, 30, 31, 32, 34, 36, 40, 41, 43, 44, 52, 57, 64, 66, 73, 74, 79, 80, 81, 94, 99, 102, 103, 105, 108, 110, 112, 118, 127, 146, 151, 154, 155, 160, 164, 166, 167, 169, 174, 177, 179, 182, 187, 190, 194, 198
HATZ_A_1: R=61, fdp=0.196721, power=0.980000
feature subset:0, 2, 3, 4, 6, 7, 11, 15, 23, 27, 30, 31, 32, 34, 36, 40, 41, 43, 44, 49, 52, 54, 57, 64, 66, 73, 74, 79, 80, 81, 94, 99, 102, 103, 105, 108, 110, 112, 113, 117, 118, 127, 146, 151, 154, 155, 160, 164, 166, 167, 168, 169, 174, 177, 179, 182, 187, 190, 194, 196, 198
HATZ_A_2: R=51, fdp=0.117647, power=0.900000
feature subset:0, 2, 3, 4, 6, 7, 11, 15, 27, 31, 32, 34, 36, 40, 41, 44, 57, 64, 66, 74, 79, 80, 81, 94, 99, 102, 103, 105, 108, 110, 112, 118, 127, 146, 151, 154, 155, 160, 164, 166, 167, 168, 169, 174, 177, 179, 182, 187, 194, 196, 198
HATZ_A_3: R=47, fdp=0.085106, power=0.860000
feature subset:0, 2, 3, 4, 6, 7, 11, 15, 27, 32, 34, 36, 40, 41, 44, 57, 64, 66, 74, 79, 94, 99, 102, 103, 105, 108, 110, 112, 118, 127, 146, 151, 154, 155, 160, 164, 166, 167, 168, 169, 174, 177, 179, 182, 187, 194, 196
HATZ_P_1: R=61, fdp=0.196721, power=0.980000
feature subset:0, 2, 3, 4, 6, 7, 11, 15, 23, 27, 30, 31, 32, 34, 36, 40, 41, 43, 44, 49, 52, 54, 57, 64, 66, 73, 74, 79, 80, 81, 94, 99, 102, 103, 105, 108, 110, 112, 113, 117, 118, 127, 146, 151, 154, 155, 160, 164, 166, 167, 168, 169, 174, 177, 179, 182, 187, 190, 194, 196, 198
HATZ_P_2: R=51, fdp=0.117647, power=0.900000
feature subset:0, 2, 3, 4, 6, 7, 11, 15, 27, 31, 32, 34, 36, 40, 41, 44, 57, 64, 66, 74, 79, 80, 81, 94, 99, 102, 103, 105, 108, 110, 112, 118, 127, 146, 151, 154, 155, 160, 164, 166, 167, 168, 169, 174, 177, 179, 182, 187, 194, 196, 198
HATZ_P_3: R=45, fdp=0.088889, power=0.820000
feature subset:0, 2, 3, 4, 6, 7, 11, 15, 27, 32, 34, 36, 40, 41, 44, 57, 64, 66, 74, 79, 94, 99, 102, 103, 105, 108, 110, 112, 127, 146, 151, 154, 155, 160, 164, 166, 167, 168, 169, 174, 177, 179, 182, 187, 194
SEC_S: R=52, fdp=0.134615, power=0.900000
feature subset:0, 2, 3, 4, 6, 7, 11, 15, 27, 31, 32, 34, 36, 40, 41, 44, 57, 64, 66, 74, 79, 80, 81, 94, 99, 102, 103, 105, 108, 110, 112, 118, 127, 146, 151, 154, 155, 160, 164, 166, 167, 168, 169, 174, 177, 179, 182, 187, 190, 194, 196, 198
ODGM: R=57, fdp=0.157895, power=0.960000
feature subset:0, 2, 3, 4, 7, 11, 15, 27, 32, 34, 36, 40, 41, 44, 57, 66, 74, 79, 94, 99, 102, 103, 105, 108, 110, 112, 127, 146, 151, 154, 155, 164, 166, 167, 169, 174, 177, 179, 182, 187, 194, 6, 118, 30, 31, 64, 80, 190, 81, 198, 73, 43, 52, 160, 113, 168, 78
